8	-67.6788	4.4	541423620444063026522643243256625154131131203052644514213064421434555160343053121344452061421142414434156506163354023510515611202233301053402634322026312516420215464335451013454410551500151330640145635365256605505100432053631602652234652244544
19	-11.0428	6.4	603123611265242624300652642011624154131131203052644514213064421434555160643053121244412061421140114621200366462150645424515015503463436236451452061162424343205115464336451013454410551500151330640145635365256601203421623663563204356315666263046
29	1.9252	8.4	051143446420423026522546243211623154430151203052644514213064421434555160343053122344442061121142414434156506103150645424515015503463431236451452461162424343205115464335451013454410551520151330640155635365456605535421630256632462630153440203303
37	-2.8828	8.2	051160641265442616300651642011624154131131203052644514413064421434555160643053102344442062121142414434156504163150023514360002503443433266451456065162424343205115464335451013454410551520151330640155635365456605535421630266632462630153446203303
48	0.9704	10.4	604223611265242626300541643651623154431151203652644504413064400434455160643053121344414061421142404454156506163354023412360002503463436230431052431162424343205015464332451063454410551620151330640155635365156605555621630266632462630153440263543
52	-2.0076	13.2	643223611265232314400451642011634154131131203652644554111064400540455160643553140344314066411142414454156506103354022452360002503463436230451462461152424343205015464036451014454456611520151330640155635363156305555421330266632412630153440263541
64	2.1412	14.4	051163041265423526522043243251623154431151213152644514413564421403455160643553142344314016411132414454156506103354022452360012503463436230431051431162424343255005464335451013354454051526151335610155660364156605555421635466612462630153440263513
73	7.062	16.0	603133642410442624301043243251623156431131253662644514413564421405555160643053121341455065421142454454156506166354023412364002504363432234431051441162424345255005464335451013354454051526151335610153660364156605555421635464612452630153443263513
89	6.2348	15.2	603133642410444524301443243251623156431131653062644514433514421605555160623053121331414161421142414444056506166354042412364002503460235230431051431162422443205015464332451163654450051520151330640155635365151605535421630256632366646553646263513
95	1.4208	17.6	603153642410142624501043243351613156431151253662644514113514430442455110633553151341450025421142454454156506166354024412364202504360436230431051431162424443200055464332451023352450021506151332641155635365151605535421630256612562646333440163046
103	5.4552	20.0	603133642410442154301042243351623155431131253666642554413564421405555161643053121241452065421242454453156501166354123452060000503463436216431061434062424443200015464332451063354450451520151330440155615365156605513421634466411462430153640403046
112	5.5544	19.6	666351642410442624001043243351623156431131253664642004411564421203555160243053125144414616511412414424136506103354022052364062504463406230431051431662424443200015464331453063354455050564151350243155635366155605533021634466411463430153430463056
122	6.1684	20.0	611155642412342326500043240351613156430131153262644514113514424253531160341053121341450025521142454454156506156354024412364202504360436210631051431162324446500015464332454414354452551525151335630155645365156605563421234466212306640153440463046
131	8.6484	19.6	603153612414161624541042243352613156430131152262644514113514424453131160341053121146054065421142455054156565166354124452460014403466036240433031430162424443200015464331453063354455050564151350243153635566155635553021634456432366646151440463046
149	8.4048	21.6	603653612412142654501042445152613156431251153362644514113564421202655120623163121303450025421142453454152526103355023412314002504463406230431031430132421443200015464431453063351455050564151350243153535566155635526424635453635362434153440463363
158	4.4952	25.2	663351642414142254501042445152613156432231153262244515113564421202655123623163121301450055401042454354156506156255003116364062504463404230431051430162434440200015462302451223354454651425151335530155645365156021563421635443631362430153440463566
167	-0.7848	22.8	663351652414142254501042445152613156432231156262644514113564421202551120623153121341426025401442454454156506156354023116364002504463426210331054430162434443200015462332451323314455050564151330243153635564155635556021235150341362435163440463363
178	3.8896	28.6	663351153414042254501000243251113156431251153222644514113564421202455120622153121341456025421002455454152526156354024443064202504463406230423054131462434443200015462332451323354454151564121335630155635363155036556021635453635362234153440464563
184	3.6236	35.8	663351653414042254224000243351613155430631151222644514113566421202351240622153121341456025401142452054146506156314026643064202304066336210331054531464434443200015462332451523354456141564151265633155642361156666553421630066411362435153442463363
199	11.166	33.6	663352052414142254201362245152313156632236153262244515050164451202235120622153124341056325401142354056646506156314624454064202506463406230663054131422424446300655360302453023354154050425151330203155642524150636656021235140341361430103430262546
206	5.4332	35.6	663350052414142254201362245152313156132236153262244515050164421202235120622153120323056325401142354036646506156364624454064202506463406230663054136422424446300655360312453023354154051064151330243155642523156636553425235145644361430153450262556
215	8.4736	35.6	610350052414042254201342246151133156132231153262244515013464461242351240622153120351056325401142354056346506256016624451064201304463456230663054131422424446300655360312153023354156050425051330263155642523156636556021235140341363435150430012546
227	6.8748	41.0	615350052414012254201342246151133156132231153262244515063164451242351240422153125351056325401142354056344506256016624451064201304463456230663054131422424446300655360312153023354156050425051330263155642523156636556021235140301363434350436062546
237	17.1048	34.8	663350052414022254201344246151153156132233153263544515053103311202235120623153120351056325401142464056346506256016624451064205304463456230663054431022424446300655360312153023354156050425051330263155642523156636556021235140341063435153420062546
240	5.2756	36.0	610350052414042254200322340152312156455431153262244514013464461242351240623153120351056325401142464056346506256016624451064201304423456230663044131422424446300255363312153023354156010425051030263155642523156636556021235341431361435150430062552
257	13.3492	36.4	630350052414042254201322246151133156132236153262544414013064461222353240623153120351056325401641354056346506266016624451064201311363456236466044131422422446300635023312153023354156610425051034563155642543156636256021233140355563435100430062555
263	5.5716	36.0	610350052414046254201200346151333156132431153232244514013466421242351240622253120350356325401341354056346506156014624451064201334463406236466050131422422446300055363412153023344156610425051034463155662543156636256021235140355563235150441262545
276	15.3952	42.0	610350052414042254201322246151333156155231154222614514013464453542351540622123122354656325401144464054302503256014620451064201334463006236663044131426422246301255563312153123154156051425051530263155642543156636556021235140301063634350420062554
288	12.0252	43.6	610350052414042253001021336151333156155231154262612514014466421642351240622253120350336315461444464054146506156004224455064101334463006236663040133432422446300056360612153123354156010413051044463155042033156236556021245140355563435000430062555
292	8.3948	46.0	610350152414042253001021366151333156155231154264614554013454421242350242622253601450350325401122354056346502256014026451065201311433656236561044151416422646300055360612153123354156010425051034463155042023156636556121235140251433435600430362555
